Casename	Study	stat_para	stat_aneu	stat_red	stat_yel	stat_wht	stat_dom	stat_bod	stat_nek	stat_part	stat_press	
a06161.1	msa.1	mean	2381307.12	2035115.95	     0.00	2069355.86	2011273.82	2492857.02	2673285.55	761658.05	1273836.78	
a06161.1	msa.1	max	6625947.39	3861124.75	     0.00	4484179.78	3813906.23	5725145.51	6625947.39	4038121.84	6625947.39	
a06161.1	msa.1	min	 20249.83	 27137.23	     0.00	109048.21	 89576.83	 21191.70	 20249.83	  3736.94	  3736.94	
a06161.1	msa.1	stddev	1299671.87	890218.82	     0.00	1000901.81	774137.79	1378795.90	1578987.19	459834.72	1116226.16	
a10151.1	msa.1	mean	2164425.35	1990904.43	     0.00	2786650.70	1900798.06	2014256.22	2784493.56	857490.06	1148022.89	
a10151.1	msa.1	max	6966925.54	4330910.46	     0.00	5099458.63	2797189.03	4074952.39	6966925.54	6560737.52	6966925.54	
a10151.1	msa.1	min	 15687.47	479147.32	     0.00	238726.79	 48828.25	 15687.47	 51036.04	  6398.52	  6398.52	
a10151.1	msa.1	stddev	1241333.57	563369.75	     0.00	948349.01	674623.77	991020.98	1859708.34	671862.19	994432.58	
a10151.2	msa.1	mean	3267649.80	3027700.36	     0.00	4175155.05	2568349.29	3317903.14	3840601.87	899634.54	1623576.00	
a10151.2	msa.1	max	11003924.25	6777471.02	     0.00	5955455.16	4979685.24	6732010.96	11003924.25	8141861.98	11003924.25	
a10151.2	msa.1	min	 15313.95	1286842.69	     0.00	1061440.66	211651.50	 15313.95	135599.61	  8246.18	  8246.18	
a10151.2	msa.1	stddev	1500279.93	1280375.40	     0.00	1138256.55	931791.52	1517470.29	1634778.58	696171.56	1488227.14	
agh050.1	msa.1	mean	3316845.31	     0.00	     0.00	3278395.66	2353328.53	3501813.54	3932089.11	992569.18	1969427.88	
agh050.1	msa.1	max	6554421.46	     0.00	     0.00	6554421.46	5179456.16	5910999.77	6554421.46	7075747.65	7075747.65	
agh050.1	msa.1	min	 24211.05	     0.00	     0.00	534479.11	 24211.05	534479.11	269823.64	  4985.55	  4985.55	
agh050.1	msa.1	stddev	1246987.46	     0.00	     0.00	1133683.11	1126247.01	898906.41	1415920.78	857314.19	1547854.55	
agh065.2	msa.1	mean	1764111.69	1756747.68	     0.00	     0.00	1388358.69	1982976.95	1884678.32	587030.89	922688.93	
agh065.2	msa.1	max	4087955.39	4087955.39	     0.00	     0.00	2859936.15	3708016.09	4087955.39	2526660.52	4087955.39	
agh065.2	msa.1	min	 12157.49	 42629.05	     0.00	     0.00	 12157.49	411512.53	479032.85	  5572.85	  5572.85	
agh065.2	msa.1	stddev	748676.95	840721.72	     0.00	     0.00	692113.95	683774.61	742255.16	326677.18	720107.16	
agh065.3	msa.1	mean	2142841.50	2154309.40	     0.00	2173714.15	1540360.11	2443091.15	2348727.23	561557.79	1057312.80	
agh065.3	msa.1	max	3628854.19	3623888.17	     0.00	3628854.19	3491019.26	3628854.19	3620643.24	3186228.48	3628854.19	
agh065.3	msa.1	min	 30636.44	1024546.81	     0.00	128417.05	 30636.44	982864.22	944714.97	  5859.69	  5859.69	
agh065.3	msa.1	stddev	806104.76	798804.88	     0.00	889151.50	803261.58	636985.78	657149.34	389729.62	919863.65	
agh075.1	msa.1	mean	2423956.84	2468529.64	     0.00	2279766.65	1588475.18	2576873.88	3099690.22	748913.81	1093187.11	
agh075.1	msa.1	max	6003830.44	4085915.81	     0.00	4056496.85	3028141.95	5209663.78	6003830.44	5060014.34	6003830.44	
agh075.1	msa.1	min	 13721.30	748200.94	     0.00	238380.41	 13721.30	136727.03	423300.28	  5482.33	  5482.33	
agh075.1	msa.1	stddev	1148072.22	624982.17	     0.00	776086.28	747358.02	931656.63	1329214.03	587214.42	1001499.94	
agh079.1	msa.1	mean	1866612.84	2775115.22	     0.00	     0.00	1748204.45	1640534.35	2360651.52	540884.58	910783.43	
agh079.1	msa.1	max	8032986.10	4789549.92	     0.00	     0.00	4789549.92	3895534.00	8032986.10	5446587.86	8032986.10	
agh079.1	msa.1	min	  2061.22	1162182.03	     0.00	     0.00	  2061.22	  3999.58	 64490.93	  5389.44	  2061.22	
agh079.1	msa.1	stddev	1106322.22	1053352.80	     0.00	     0.00	789862.60	868450.53	1531262.21	451477.71	917616.91	
agh079.2	msa.1	mean	1338132.36	2204998.81	     0.00	748385.95	721818.14	1106807.96	2105628.78	606338.01	698965.47	
agh079.2	msa.1	max	4896131.34	4244427.37	     0.00	1712429.00	2361771.25	2869091.78	4896131.34	4217830.25	4896131.34	
agh079.2	msa.1	min	 28631.50	 47351.44	     0.00	 69895.59	 35011.23	 35460.15	 28631.50	  1367.66	  1367.66	
agh079.2	msa.1	stddev	978116.72	1095274.28	     0.00	297313.45	370665.42	589097.87	1150561.79	475326.75	614523.06	
agh084.1	msa.1	mean	2034618.94	2118353.41	     0.00	     0.00	1629923.13	2262125.72	2185555.10	673764.29	1149820.28	
agh084.1	msa.1	max	6319218.07	4374689.40	     0.00	     0.00	4289418.55	6319218.07	4863034.96	2315210.70	6319218.07	
agh084.1	msa.1	min	 10906.91	426749.00	     0.00	     0.00	 10906.91	 13886.67	 16437.78	  7394.12	  7394.12	
agh084.1	msa.1	stddev	1096724.71	954545.91	     0.00	     0.00	772366.56	1196174.01	1121630.10	346871.53	959275.77	
agh088.1	msa.1	mean	2221138.96	1832132.06	     0.00	1513927.58	1535455.63	2410984.18	2572988.80	922475.04	1243283.64	
agh088.1	msa.1	max	4343567.86	3128573.62	     0.00	2664579.60	3003187.14	3592960.22	4343567.86	4621723.19	4621723.19	
agh088.1	msa.1	min	 26223.51	 30485.33	     0.00	842129.99	 26223.51	840768.28	363800.06	 16064.86	 16064.86	
agh088.1	msa.1	stddev	822219.33	905973.02	     0.00	430433.13	839233.53	578813.36	821660.86	550460.98	841940.02	
agh092.1	msa.1	mean	3362360.35	3269879.97	     0.00	2754367.94	3518911.76	3191826.56	3554575.54	810810.70	1926233.79	
agh092.1	msa.1	max	8361000.85	6768363.49	     0.00	5933630.64	6215243.76	6976030.62	8361000.85	5768969.99	8361000.85	
agh092.1	msa.1	min	  5207.05	101234.53	     0.00	 22242.50	408383.34	  5207.05	 11033.57	  9355.92	  5207.05	
agh092.1	msa.1	stddev	1551251.48	1727880.41	     0.00	1486481.49	1264510.98	1446612.34	1911527.04	701039.36	1711859.88	
agh096.1	msa.1	mean	1909682.22	1916528.12	     0.00	1103115.19	2071513.59	1766425.33	2010436.07	630776.26	891988.26	
agh096.1	msa.1	max	4379467.89	3916252.58	     0.00	2634302.11	3392807.68	4179868.31	4379467.89	3404906.62	4379467.89	
agh096.1	msa.1	min	 42338.45	 51485.99	     0.00	 42338.45	534799.77	 42338.45	 44314.17	  4503.56	  4503.56	
agh096.1	msa.1	stddev	945907.96	919687.70	     0.00	594018.70	591129.87	1003359.30	1147177.89	464365.94	787511.67	
agh098.1	msa.1	mean	1676930.85	1614728.38	     0.00	1471676.45	1447666.50	1855309.87	1564571.63	451803.93	727848.31	
agh098.1	msa.1	max	6449451.42	5526041.43	     0.00	5749401.92	2240482.91	6449451.42	3779373.32	2764235.03	6449451.42	
agh098.1	msa.1	min	  4864.41	  4864.41	     0.00	 36694.70	218995.40	  4864.41	  5769.62	  1949.17	  1949.17	
agh098.1	msa.1	stddev	1006468.84	871772.75	     0.00	1021492.22	390253.71	1221022.81	937743.62	334664.59	756949.44	
agh100.1	msa.1	mean	1167609.01	2087302.63	     0.00	     0.00	796338.78	1324025.20	1315373.83	461311.67	636677.22	
agh100.1	msa.1	max	3281174.22	2919751.54	     0.00	     0.00	2271924.75	3281174.22	3084764.35	2542421.83	3281174.22	
agh100.1	msa.1	min	 21763.65	360606.83	     0.00	     0.00	 21763.65	 60987.04	137578.10	  1529.60	  1529.60	
agh100.1	msa.1	stddev	684827.72	705249.58	     0.00	     0.00	493870.93	723250.18	620783.82	277833.34	517278.82	
agh101.2	msa.1	mean	1546504.88	1347551.66	     0.00	2161148.91	1059829.94	1561104.62	2063657.22	876858.40	945918.97	
agh101.2	msa.1	max	3696820.71	2531021.50	     0.00	3115662.18	1817010.78	3233935.16	3696820.71	3619685.20	3696820.71	
agh101.2	msa.1	min	 11438.83	537847.63	     0.00	819771.56	 11438.83	183718.48	759609.60	  2673.53	  2673.53	
agh101.2	msa.1	stddev	722312.71	451088.99	     0.00	638097.79	470205.38	646290.65	734550.71	545169.89	601533.29	
agh101.4	msa.1	mean	2002515.37	1687612.68	     0.00	     0.00	1615494.92	2131820.54	2255820.86	601623.62	958003.34	
agh101.4	msa.1	max	9495758.86	7060827.15	     0.00	     0.00	3934048.33	9495758.86	5615350.87	5200450.46	9495758.86	
agh101.4	msa.1	min	 19611.13	214090.06	     0.00	     0.00	 19611.13	 42489.62	 81940.89	  3126.37	  3126.37	
agh101.4	msa.1	stddev	1297506.85	1005166.44	     0.00	     0.00	888617.82	1463848.33	1244526.82	440479.91	972207.30	
agh101.5	msa.1	mean	1349779.79	780025.33	     0.00	     0.00	972111.00	1399470.34	1683886.83	624925.52	705285.29	
agh101.5	msa.1	max	3195487.89	1211021.41	     0.00	     0.00	1575258.54	3153174.63	3195487.89	3178405.91	3195487.89	
agh101.5	msa.1	min	 19666.54	478937.28	     0.00	     0.00	 19666.54	 42701.19	180780.22	  4654.09	  4654.09	
agh101.5	msa.1	stddev	666743.06	185555.95	     0.00	     0.00	370544.42	644579.99	760611.79	325530.04	441924.16	
agh103.1	msa.1	mean	3452357.52	4394689.05	     0.00	4303728.38	3487174.03	3086524.82	4198910.84	1150510.64	1967277.56	
agh103.1	msa.1	max	8801558.06	5208254.26	     0.00	6428421.81	6215529.06	6457824.28	8801558.06	7188424.80	8801558.06	
agh103.1	msa.1	min	 10560.95	1904066.77	     0.00	1378608.68	156168.72	 10560.95	754299.68	  4711.93	  4711.93	
agh103.1	msa.1	stddev	1571794.19	784205.98	     0.00	1128921.15	1317960.96	1505717.18	1745885.37	909209.16	1619544.30	
agh106.2	msa.1	mean	1613175.80	1999318.44	     0.00	1468751.19	1109741.27	1693625.44	1938531.12	705169.41	803394.44	
agh106.2	msa.1	max	3382512.18	2663655.48	     0.00	3368330.52	3340613.66	3368330.52	3382512.18	2207292.15	3382512.18	
agh106.2	msa.1	min	  6038.36	1350565.34	     0.00	 60501.07	  6038.36	239830.42	 85326.42	  5174.74	  5174.74	
agh106.2	msa.1	stddev	756725.02	330465.65	     0.00	712769.02	487385.54	766756.98	710868.41	419359.00	546190.51	
agh110.1	msa.1	mean	1111339.05	860513.45	     0.00	999231.73	853103.54	1260910.65	1110863.70	483706.54	567675.09	
agh110.1	msa.1	max	2267910.05	1628968.73	     0.00	1522709.46	1944463.62	2267910.05	1878866.04	1675143.46	2267910.05	
agh110.1	msa.1	min	 38172.11	150913.84	     0.00	341084.69	 38172.11	488748.90	219033.30	  3600.00	  3600.00	
agh110.1	msa.1	stddev	431409.40	263869.20	     0.00	248435.64	492030.68	349597.82	346441.98	274544.69	368565.93	
agh111.1	msa.1	mean	1389354.86	952326.12	     0.00	     0.00	854020.51	1476729.11	1716470.65	755948.08	826569.14	
agh111.1	msa.1	max	4245882.51	2662957.55	     0.00	     0.00	2442508.63	4223728.33	4245882.51	3075849.53	4245882.51	
agh111.1	msa.1	min	 26317.24	 26317.24	     0.00	     0.00	 26317.24	153558.61	274828.77	  3770.53	  3770.53	
agh111.1	msa.1	stddev	880932.23	511089.61	     0.00	     0.00	507077.44	897609.50	901123.70	447548.04	551575.56	
agh128.1	msa.1	mean	3331444.68	2470113.78	     0.00	3454256.25	2919375.08	3449314.07	3993839.48	965383.33	2083148.55	
agh128.1	msa.1	max	19051213.12	16404753.59	     0.00	18776570.83	15154064.86	19051213.12	11153463.87	9272268.41	19051213.12	
agh128.1	msa.1	min	  2723.54	  4732.55	     0.00	  2723.54	 12714.39	  2723.54	 25720.35	  1293.78	  1293.78	
agh128.1	msa.1	stddev	2274089.35	2009882.30	     0.00	2163404.51	1545090.79	2625206.28	2282764.91	644939.01	2014408.00	
agh130.1	msa.1	mean	1026296.60	843845.81	     0.00	     0.00	918361.40	931980.41	1310549.63	503852.07	571349.01	
agh130.1	msa.1	max	5028755.47	2472550.23	     0.00	     0.00	2842888.20	2651856.00	5028755.47	5145980.91	5145980.91	
agh130.1	msa.1	min	 42127.37	193093.37	     0.00	     0.00	 42127.37	 51222.97	 95208.81	  6376.74	  6376.74	
agh130.1	msa.1	stddev	605972.66	439279.06	     0.00	     0.00	575641.31	494753.44	723289.67	332196.61	417427.28	
agh136.1	msa.1	mean	2057198.32	1058841.57	     0.00	2119362.39	1923035.04	2024070.92	2367285.37	681671.57	1048382.91	
agh136.1	msa.1	max	5907591.07	3529601.37	     0.00	4353793.17	4437481.91	4948944.48	5907591.07	6567884.84	6567884.84	
agh136.1	msa.1	min	 12323.13	 17011.83	     0.00	 12323.13	 17011.83	 12323.13	 36892.99	  4320.35	  4320.35	
agh136.1	msa.1	stddev	1197416.60	691379.58	     0.00	1081297.94	1055274.90	1164388.91	1428785.96	550466.44	987128.89	
agh137.1	msa.1	mean	1547237.78	1355191.09	     0.00	     0.00	923278.38	1814888.84	1895377.73	715640.70	859183.75	
agh137.1	msa.1	max	3433484.10	2768484.96	     0.00	     0.00	2711987.30	3433484.10	3174089.30	3287748.99	3433484.10	
agh137.1	msa.1	min	  6989.24	 50789.92	     0.00	     0.00	  6989.24	335014.90	844827.55	 10724.06	  6989.24	
agh137.1	msa.1	stddev	774187.19	683732.22	     0.00	     0.00	636244.06	666531.36	607702.36	407313.96	582657.99	
agh140.1	msa.1	mean	1889833.94	1715001.25	     0.00	1712068.65	1265375.19	2103120.39	2350902.97	729122.36	958682.85	
agh140.1	msa.1	max	4755224.20	3820102.18	     0.00	4702766.14	3481889.38	4702766.14	4755224.20	5245539.80	5245539.80	
agh140.1	msa.1	min	 33460.70	215382.94	     0.00	 33460.70	 33460.70	128020.24	110056.34	  2354.65	  2354.65	
agh140.1	msa.1	stddev	1013471.12	893249.96	     0.00	964922.95	700412.12	975319.07	1064771.58	561239.11	818283.38	
agh142.2	msa.1	mean	1403805.36	     0.00	     0.00	     0.00	888656.77	1588473.43	1603366.89	941040.35	990225.92	
agh142.2	msa.1	max	2941633.69	     0.00	     0.00	     0.00	1877929.78	2606306.77	2941633.69	3227855.54	3227855.54	
agh142.2	msa.1	min	  5794.63	     0.00	     0.00	     0.00	  5794.63	529003.73	115803.14	  5577.50	  5577.50	
agh142.2	msa.1	stddev	537465.53	     0.00	     0.00	     0.00	504311.05	282001.53	620233.88	553446.65	569905.55	
agh143.1	msa.1	mean	1806874.29	897400.34	     0.00	1932270.91	1712615.70	1703295.19	2305060.38	889776.50	1099292.44	
agh143.1	msa.1	max	4392522.93	3611307.17	     0.00	3453062.88	2529453.35	4250036.37	4392522.93	3419210.89	4392522.93	
agh143.1	msa.1	min	 15539.29	 23540.93	     0.00	891650.34	 45758.88	 19039.07	 15539.29	  5327.35	  5327.35	
agh143.1	msa.1	stddev	948410.16	852921.74	     0.00	546627.69	543853.20	1039534.68	1170868.81	421195.72	700441.05	
agh145.1	msa.1	mean	2609297.04	1287585.72	     0.00	1908031.93	1661238.74	2931645.58	2979278.36	785423.93	1553083.51	
agh145.1	msa.1	max	6220225.21	3151727.25	     0.00	6167941.62	5921829.32	6220225.21	5773673.45	4531906.28	6220225.21	
agh145.1	msa.1	min	 17411.52	 44770.86	     0.00	 17411.52	 17411.52	203367.70	255404.33	  2986.94	  2986.94	
agh145.1	msa.1	stddev	1299433.71	764333.62	     0.00	1268081.88	868562.54	1308252.74	1121375.76	577390.66	1309415.06	
agh148.1	msa.1	mean	2002823.13	1401176.94	     0.00	1070916.32	1633803.12	1781924.36	2894150.45	779271.03	1023170.71	
agh148.1	msa.1	max	19257965.93	2577288.79	     0.00	3323105.33	3444211.03	5116773.98	19257965.93	23211760.75	23211760.75	
agh148.1	msa.1	min	  7702.86	734039.35	     0.00	 30381.80	103922.44	  7702.86	 46243.59	 11903.39	  7702.86	
agh148.1	msa.1	stddev	1549773.78	430284.76	     0.00	622495.27	837491.68	1088643.46	2427074.15	703441.24	1055413.06	
agh149.1	msa.1	mean	2414810.95	4014708.06	     0.00	1986935.59	1895685.94	2539490.94	2741193.50	728128.43	1241575.28	
agh149.1	msa.1	max	5630938.68	4658441.41	     0.00	5335790.91	4658441.41	4893101.13	5630938.68	3880654.58	5630938.68	
agh149.1	msa.1	min	 14138.48	3359667.60	     0.00	 14138.48	220348.55	 14138.48	 45981.75	  8898.17	  8898.17	
agh149.1	msa.1	stddev	1291463.88	222503.03	     0.00	1072314.81	991177.80	1226259.15	1540190.08	487445.47	1129332.00	
agh153.1	msa.1	mean	2269206.60	     0.00	     0.00	2440837.81	2192886.01	2287099.27	2370010.06	724894.63	1296266.02	
agh153.1	msa.1	max	6034760.85	     0.00	     0.00	5201158.86	4319552.37	6034760.85	6021274.16	5676087.33	6034760.85	
agh153.1	msa.1	min	 10928.47	     0.00	     0.00	 10141.76	 10928.47	 18342.31	 27386.56	  4440.18	  4440.18	
agh153.1	msa.1	stddev	1220691.60	     0.00	     0.00	1128354.74	1057120.34	1246781.89	1424493.56	640779.04	1177003.22	
agh157.1	msa.1	mean	1312845.29	892743.55	     0.00	     0.00	1127739.47	1490390.58	1329584.51	539098.69	804979.28	
agh157.1	msa.1	max	5474278.39	2818322.50	     0.00	     0.00	3147986.48	4900068.44	5474278.39	1761969.34	5474278.39	
agh157.1	msa.1	min	 13303.40	 13303.40	     0.00	     0.00	 17357.03	 44535.86	 13303.40	  3039.68	  3039.68	
agh157.1	msa.1	stddev	777843.77	493428.02	     0.00	     0.00	553610.94	872685.78	947497.13	270630.03	625310.74	
cta3_left	msa.1	mean	2524258.02	     0.00	     0.00	2995650.43	2171021.60	2601056.12	3251260.83	676425.89	1612024.15	
cta3_left	msa.1	max	10673616.82	     0.00	     0.00	5089661.54	4070504.12	5089661.54	10673616.82	5225308.35	10673616.82	
cta3_left	msa.1	min	  9398.23	     0.00	     0.00	1294557.34	  9398.23	 44796.74	 43001.84	  1740.58	  1740.58	
cta3_left	msa.1	stddev	1205817.56	     0.00	     0.00	930914.60	778245.37	1028921.75	2072087.06	540242.69	1316723.44	
cta3_right	msa.1	mean	2470567.25	1913834.49	     0.00	2346578.07	2139533.05	2416072.46	3193631.61	892276.04	1458953.89	
cta3_right	msa.1	max	8605439.99	4959578.54	     0.00	5785537.49	5536719.04	5785537.49	8605439.99	7026799.33	8605439.99	
cta3_right	msa.1	min	 14054.27	250208.04	     0.00	 14054.27	 16629.17	 14054.27	 16450.83	   691.10	   691.10	
cta3_right	msa.1	stddev	1390107.17	816725.61	     0.00	1306399.07	1041406.20	1331424.15	1763010.67	553460.25	1209716.17	
cta4	msa.1	mean	2760458.69	2323014.98	     0.00	     0.00	1749274.51	2793765.90	3772880.59	1023487.25	1666077.32	
cta4	msa.1	max	14708275.04	5955476.95	     0.00	     0.00	3715045.28	6698689.10	14708275.04	13954078.29	14708275.04	
cta4	msa.1	min	  5547.99	  6516.99	     0.00	     0.00	  6516.99	  5547.99	 75582.11	 17102.14	  5547.99	
cta4	msa.1	stddev	1919014.36	1407770.21	     0.00	     0.00	1130099.67	1714074.28	2356797.67	750533.47	1555803.77	
cta5	msa.1	mean	2775192.26	     0.00	     0.00	     0.00	2420012.44	2628566.88	3633008.97	720245.73	1636056.15	
cta5	msa.1	max	9638541.00	     0.00	     0.00	     0.00	5041202.33	5265691.93	9638541.00	6496334.82	9638541.00	
cta5	msa.1	min	 24306.47	     0.00	     0.00	     0.00	 24306.47	 42121.06	139955.68	  2102.28	  2102.28	
cta5	msa.1	stddev	1402335.23	     0.00	     0.00	     0.00	1217368.50	1117551.73	1873156.29	516467.35	1437883.53	
cta6_left	msa.1	mean	3964830.69	4190816.93	     0.00	4210679.70	3030046.60	4459565.14	4296290.29	728300.76	2657633.98	
cta6_left	msa.1	max	8008916.94	7327363.39	     0.00	7165242.23	7719537.78	8008916.94	7050523.92	5163317.34	8008916.94	
cta6_left	msa.1	min	 16081.40	1600636.26	     0.00	203010.49	 16081.40	387913.79	212200.36	  3705.03	  3705.03	
cta6_left	msa.1	stddev	1642984.12	1399285.92	     0.00	1661587.43	1504348.37	1362503.16	1852384.05	601338.12	2068141.44	
cta8	msa.1	mean	2426088.83	     0.00	     0.00	1698506.00	2149017.20	1831504.05	3527530.92	649919.26	1694153.08	
cta8	msa.1	max	9767399.11	     0.00	     0.00	4165077.49	4066490.35	4679362.73	9767399.11	7806772.94	9767399.11	
cta8	msa.1	min	  5969.45	     0.00	     0.00	219108.74	 32577.03	  5969.45	 65187.80	  2639.30	  2639.30	
cta8	msa.1	stddev	1479743.92	     0.00	     0.00	1001580.97	899980.96	891893.41	1906259.30	630997.42	1488525.24	
micro04	msa.1	mean	2007343.04	1026298.80	     0.00	     0.00	1466833.52	2141804.76	2449769.85	712113.76	1109755.92	
micro04	msa.1	max	4615084.99	2280858.45	     0.00	     0.00	2896556.87	4083389.42	4615084.99	3355837.44	4615084.99	
micro04	msa.1	min	 19383.10	193468.18	     0.00	     0.00	 19383.10	794734.72	471734.48	   794.63	   794.63	
micro04	msa.1	stddev	792977.92	455314.49	     0.00	     0.00	727446.45	544488.31	934672.19	438271.28	826486.11	
micro06	msa.1	mean	2255326.49	2295240.56	     0.00	1576569.91	1609705.64	2443645.42	2961726.55	730889.55	1292526.22	
micro06	msa.1	max	5761904.29	4290402.47	     0.00	5379585.74	3121604.92	4985808.02	5761904.29	5866102.33	5866102.33	
micro06	msa.1	min	 19130.82	1029127.89	     0.00	 60957.87	 60957.87	 19130.82	 24620.44	  4121.18	  4121.18	
micro06	msa.1	stddev	1170953.05	689623.64	     0.00	1092596.06	730154.98	1082024.19	1415683.13	519877.30	1102994.69	
micro07	msa.1	mean	1861735.14	1889534.05	     0.00	1888281.03	1925466.88	1624314.90	2312413.01	698754.07	1251833.35	
micro07	msa.1	max	6263884.12	6263884.12	     0.00	6024320.03	2952615.00	4281404.11	6263884.12	4618102.35	6263884.12	
micro07	msa.1	min	   946.04	  7367.23	     0.00	   946.04	120186.22	 16104.45	   946.04	  1074.09	   946.04	
micro07	msa.1	stddev	981034.20	1120848.84	     0.00	1011047.01	595341.70	837489.66	1354450.89	558540.75	979097.26	
micro08	msa.1	mean	1663010.97	1100808.12	     0.00	1668527.47	1246625.42	1722082.92	2046388.13	441212.67	861837.16	
micro08	msa.1	max	3722400.76	1697425.73	     0.00	3203605.07	2456435.60	3207323.65	3722400.76	2123028.85	3722400.76	
micro08	msa.1	min	  8527.98	524090.81	     0.00	 54441.65	  8527.98	 12485.12	 47077.20	  4904.76	  4904.76	
micro08	msa.1	stddev	899883.86	214300.84	     0.00	992964.62	529672.68	926566.32	993494.53	317998.08	825885.57	
micro09	msa.1	mean	2053436.83	     0.00	     0.00	1703552.20	935604.94	2055526.83	3610574.06	883144.75	1027984.47	
micro09	msa.1	max	11186863.12	     0.00	     0.00	9218382.83	1976130.93	6418664.79	11186863.12	9656570.34	11186863.12	
micro09	msa.1	min	 41245.02	     0.00	     0.00	 41245.02	 41245.02	 48468.37	 62389.60	  5687.69	  5687.69	
micro09	msa.1	stddev	1722617.20	     0.00	     0.00	1780237.48	328276.72	1139985.91	2495942.38	494578.13	854469.42	
micro10	msa.1	mean	1276285.12	1606230.21	     0.00	950961.50	1209669.14	1395811.21	975099.90	619456.73	823464.40	
micro10	msa.1	max	2381457.03	2006663.09	     0.00	2126116.85	2381457.03	2279967.22	1883515.92	1744414.19	2381457.03	
micro10	msa.1	min	 13473.24	975019.28	     0.00	255647.89	127829.80	302093.39	 13473.24	 12411.45	  9236.30	
micro10	msa.1	stddev	471905.93	269895.17	     0.00	427970.78	555667.12	363821.48	465960.32	373493.20	521344.02	
micro12	msa.1	mean	3794448.67	     0.00	     0.00	3479680.01	3484174.25	3459316.25	5282344.73	858068.23	2219806.63	
micro12	msa.1	max	11272482.22	     0.00	     0.00	11272482.22	6038173.19	8139182.53	11272482.22	7086975.71	11272482.22	
micro12	msa.1	min	 12592.93	     0.00	     0.00	 25991.41	 43065.37	 12592.93	270694.31	 12241.57	 12241.57	
micro12	msa.1	stddev	1871786.07	     0.00	     0.00	2260603.92	1280276.67	1643077.51	2534301.14	672744.32	2002929.73	
micro13	msa.1	mean	2098893.36	2685699.06	     0.00	2590147.28	2101896.48	1969292.59	2406082.76	546649.71	1274376.26	
micro13	msa.1	max	5437306.97	3958529.07	     0.00	3889949.60	3939050.70	4861586.82	5437306.97	3516250.10	5437306.97	
micro13	msa.1	min	 13516.97	1546934.95	     0.00	611217.54	152413.05	 13516.97	 18008.27	 16954.60	 13516.97	
micro13	msa.1	stddev	1041387.15	686384.22	     0.00	758266.66	645953.26	1091571.26	1235923.89	372535.79	1087277.90	
micro14	msa.1	mean	3545947.07	3674667.61	     0.00	4404324.11	2876610.20	3782142.21	3977716.48	870782.12	2255012.45	
micro14	msa.1	max	9647965.59	9647965.59	     0.00	7709854.45	5712684.96	7196102.70	9647965.59	7306504.89	9647965.59	
micro14	msa.1	min	  9616.10	448127.98	     0.00	 29881.66	  9616.10	 42044.34	 16154.50	  1645.27	  1645.27	
micro14	msa.1	stddev	1769758.56	1632114.97	     0.00	2118481.51	1331582.15	1790188.45	2002126.74	533365.16	1882781.67	
micro15_l	msa.1	mean	4065579.85	5930314.89	     0.00	4713552.23	3198595.76	4568187.79	4031817.23	668737.12	2970780.03	
micro15_l	msa.1	max	14311933.40	7340343.77	     0.00	14311933.40	6791747.39	14311933.40	9626415.27	3863889.36	14311933.40	
micro15_l	msa.1	min	  2452.80	3726965.89	     0.00	 95421.05	  9797.16	  2452.80	112838.83	  4466.16	  2452.80	
micro15_l	msa.1	stddev	2119204.41	771862.55	     0.00	2442555.33	1384109.84	2336490.27	1987429.93	516799.28	2376957.92	
micro15_r	msa.1	mean	1955300.87	2403383.46	     0.00	1791389.95	1590788.51	2020288.65	2396306.05	668425.85	1106613.86	
micro15_r	msa.1	max	4981087.27	4132401.78	     0.00	3976614.65	3177800.68	3887146.22	4981087.27	3731530.22	4981087.27	
micro15_r	msa.1	min	 21879.40	497422.05	     0.00	 21879.40	 21879.40	179109.99	450870.58	  2658.69	  2658.69	
micro15_r	msa.1	stddev	810823.34	829441.38	     0.00	704736.62	774336.35	632665.11	985018.86	398790.50	837034.34	
micro17	msa.1	mean	4299985.19	3333500.91	     0.00	     0.00	3994849.23	4090074.70	5680654.48	1019639.00	2757152.09	
micro17	msa.1	max	20877567.40	8672406.46	     0.00	     0.00	6693377.86	10465193.83	20877567.40	14418972.23	20877567.40	
micro17	msa.1	min	 11623.95	  8570.96	     0.00	     0.00	 97116.07	 11623.95	 56200.32	  3305.33	  3305.33	
micro17	msa.1	stddev	2416886.92	2691120.23	     0.00	     0.00	1556538.04	2543477.89	3115807.47	745295.67	2456816.68	
micro18	msa.1	mean	3795788.22	4067375.53	     0.00	     0.00	3678985.88	3703985.34	4182130.99	748106.54	2394799.78	
micro18	msa.1	max	13218441.87	7587965.26	     0.00	     0.00	8019806.27	8493117.13	13218441.87	11112581.90	13218441.87	
micro18	msa.1	min	 11855.36	1383578.11	     0.00	     0.00	311039.17	 34534.41	 11855.36	  3327.69	  3327.69	
micro18	msa.1	stddev	2186777.61	1613565.63	     0.00	     0.00	1692957.68	2243719.89	2624574.59	691729.71	2260689.32	
mri8	msa.1	mean	2275785.06	     0.00	     0.00	1832631.69	1551731.51	2674123.65	2362945.53	728962.63	1370992.39	
mri8	msa.1	max	6570238.90	     0.00	     0.00	4902539.30	3518993.67	6570238.90	5921522.75	2481470.86	6570238.90	
mri8	msa.1	min	  2803.34	     0.00	     0.00	 12321.48	  2803.34	 62282.50	110858.48	  8507.47	  2803.34	
mri8	msa.1	stddev	1190143.25	     0.00	     0.00	1169628.11	782109.10	1230276.61	1065968.28	396445.90	1122831.70	
mri9	msa.1	mean	3179246.14	     0.00	     0.00	2286832.46	2709236.52	3085331.29	4164360.31	830102.81	1829848.74	
mri9	msa.1	max	11926590.59	     0.00	     0.00	3378214.91	6145996.13	7149770.07	11926590.59	5364134.14	11926590.59	
mri9	msa.1	min	 37101.17	     0.00	     0.00	1222016.94	 37101.17	466078.13	302876.92	  5203.52	  5203.52	
mri9	msa.1	stddev	1696168.27	     0.00	     0.00	520801.36	1441650.77	1453854.16	2146832.91	597624.47	1666912.38	
newCTA20	msa.1	mean	1123507.31	269043.57	     0.00	     0.00	781330.55	1187297.48	1310581.65	433235.91	592083.96	
newCTA20	msa.1	max	4380092.87	1274443.61	     0.00	     0.00	1705904.86	2704000.61	4380092.87	4174210.61	4380092.87	
newCTA20	msa.1	min	 18224.84	  7329.39	     0.00	     0.00	 18224.84	 72136.13	169711.48	  4036.59	  4036.59	
newCTA20	msa.1	stddev	564420.97	238288.10	     0.00	     0.00	369294.51	489871.18	696162.50	380085.17	518600.37	
newCTA23	msa.1	mean	2642100.97	     0.00	     0.00	2831896.05	2205147.30	2845903.13	3012812.82	607994.08	1684622.72	
newCTA23	msa.1	max	6868008.79	     0.00	     0.00	6193218.50	5118708.79	6868008.79	6833827.70	4060846.40	6868008.79	
newCTA23	msa.1	min	 13283.12	     0.00	     0.00	 13283.12	 13283.12	 19541.33	159592.88	  2526.64	  2526.64	
newCTA23	msa.1	stddev	1422271.84	     0.00	     0.00	1271337.12	1187358.45	1416077.31	1638125.08	416487.76	1477556.58	
newCTA26	msa.1	mean	1259699.89	913545.16	     0.00	     0.00	567972.73	1404229.98	1563488.24	463774.28	534461.45	
newCTA26	msa.1	max	4322442.55	3338843.10	     0.00	     0.00	2395199.84	4322442.55	3558108.75	3242840.04	4322442.55	
newCTA26	msa.1	min	  6738.20	 37372.04	     0.00	     0.00	  6738.20	 18402.94	109070.64	  2968.81	  2968.81	
newCTA26	msa.1	stddev	952317.73	683267.60	     0.00	     0.00	416626.05	1029854.31	851531.43	336440.27	484714.48	
newCTA33	msa.1	mean	2464176.04	3750672.11	     0.00	     0.00	1850106.79	2630909.77	2853963.74	702749.12	1037725.17	
newCTA33	msa.1	max	5709071.08	4688843.10	     0.00	     0.00	4790195.21	5709071.08	5588610.33	3681128.96	5709071.08	
newCTA33	msa.1	min	 15282.39	2504356.49	     0.00	     0.00	 15282.39	156753.17	214790.74	  1655.70	  1655.70	
newCTA33	msa.1	stddev	1187174.33	556429.20	     0.00	     0.00	1094440.72	1100784.36	1184291.69	453680.51	955268.05	
newCTA35	msa.1	mean	1944886.33	2071877.20	     0.00	906740.62	1576625.87	1985308.70	2290227.67	801523.92	958863.35	
newCTA35	msa.1	max	4480454.95	4460641.97	     0.00	4156132.62	2610065.32	4096126.01	4480454.95	5681970.35	5681970.35	
newCTA35	msa.1	min	 14449.05	381582.10	     0.00	  7878.66	 14449.05	 22095.81	 44083.48	  2929.30	  2929.30	
newCTA35	msa.1	stddev	1093961.17	1074502.10	     0.00	741240.49	531132.14	1071958.69	1427453.28	549452.08	761695.29	
nwh002.1	msa.1	mean	1431814.18	1296379.69	     0.00	     0.00	1127080.68	1505241.36	1678307.05	643574.51	780048.32	
nwh002.1	msa.1	max	3074504.78	2259058.85	     0.00	     0.00	2492246.59	2692387.96	3074504.78	2780074.84	3074504.78	
nwh002.1	msa.1	min	  3069.36	766336.64	     0.00	     0.00	  3069.36	205039.91	 78730.44	  1159.26	  1159.26	
nwh002.1	msa.1	stddev	566957.60	319233.94	     0.00	     0.00	542567.19	470516.36	634609.76	334812.96	487127.81	
nwh004.1	msa.1	mean	1915973.52	1906331.02	     0.00	1435959.78	1438368.85	1889550.36	2401183.93	1083349.45	1189804.63	
nwh004.1	msa.1	max	4872181.66	3928778.99	     0.00	4214935.07	3052850.45	4214935.07	4872181.66	5681561.20	5681561.20	
nwh004.1	msa.1	min	  5166.76	500265.15	     0.00	212473.75	212473.75	  5166.76	 37827.33	  3933.71	  3933.71	
nwh004.1	msa.1	stddev	1073316.17	773200.89	     0.00	831362.21	755893.47	1037901.06	1173743.18	778579.18	867914.80	
nwh006.1	msa.1	mean	1622475.10	1664420.18	     0.00	693420.24	1451696.96	1800223.87	1482344.99	479522.45	728330.07	
nwh006.1	msa.1	max	3434024.50	2246791.93	     0.00	2139634.05	3087733.61	3402615.23	3434024.50	2199807.29	3434024.50	
nwh006.1	msa.1	min	 27190.79	885736.73	     0.00	 27190.79	 27190.79	 59004.74	 54215.17	  3785.89	  3785.89	
nwh006.1	msa.1	stddev	681926.66	233405.31	     0.00	496611.55	619392.32	675724.42	681165.71	256890.19	612639.53	
nwh007.1	msa.1	mean	1776701.64	1427307.50	     0.00	1334712.27	1078006.63	1968474.24	2173677.28	704795.12	813482.88	
nwh007.1	msa.1	max	5304425.79	2525366.40	     0.00	3076676.32	3070665.59	5304425.79	5153954.72	3097081.14	5304425.79	
nwh007.1	msa.1	min	 21695.22	 21695.22	     0.00	 55462.52	 28879.42	 21695.22	 90432.14	  2127.34	  2127.34	
nwh007.1	msa.1	stddev	1021720.58	669581.49	     0.00	745931.08	625487.50	1062987.37	910329.46	383397.03	585344.38	
nwh008.2	msa.1	mean	689661.94	693817.39	     0.00	     0.00	731758.19	658136.52	700747.82	359834.44	381326.28	
nwh008.2	msa.1	max	1146896.03	1001527.70	     0.00	     0.00	1125646.23	1073004.72	1146896.03	1166287.26	1166287.26	
nwh008.2	msa.1	min	  8374.63	233009.45	     0.00	     0.00	227129.27	  8374.63	 53515.12	  4056.91	  4056.91	
nwh008.2	msa.1	stddev	254777.94	165154.16	     0.00	     0.00	213265.21	272180.57	260391.15	157413.05	184446.92	
nwh010.1	msa.1	mean	870167.14	843502.69	     0.00	     0.00	710647.42	907428.07	1095255.19	708809.29	721890.55	
nwh010.1	msa.1	max	1873746.91	1465571.13	     0.00	     0.00	1159414.14	1673492.67	1873746.91	1705039.20	1873746.91	
nwh010.1	msa.1	min	 11860.67	 45560.78	     0.00	     0.00	 55393.55	 11860.67	 32676.83	  3555.67	  3555.67	
nwh010.1	msa.1	stddev	377550.24	369037.10	     0.00	     0.00	203661.51	374950.86	507240.57	322149.15	329942.91	
nwh011.1	msa.1	mean	1257421.61	1392558.70	     0.00	1032965.51	1410006.27	1026046.64	1647275.84	606780.47	711207.73	
nwh011.1	msa.1	max	3547090.60	2203935.12	     0.00	2063653.42	2203935.12	2290391.02	3547090.60	3848084.23	3848084.23	
nwh011.1	msa.1	min	 10277.78	425871.78	     0.00	 67687.14	117758.19	 10277.78	 25584.90	 13516.79	 10277.78	
nwh011.1	msa.1	stddev	624581.65	450808.03	     0.00	502831.59	443649.94	567866.02	834499.11	366287.48	481958.05	
nwh013.1	msa.1	mean	809986.05	866882.80	     0.00	     0.00	466110.38	886102.99	1030596.94	728812.18	730481.87	
nwh013.1	msa.1	max	1688782.37	1732897.07	     0.00	     0.00	1159648.17	1595453.30	1688782.37	1732897.07	1732897.07	
nwh013.1	msa.1	min	  6925.16	  6925.16	     0.00	     0.00	  6925.16	 18551.14	 23254.02	  5974.03	  5974.03	
nwh013.1	msa.1	stddev	400503.49	444641.23	     0.00	     0.00	222354.46	346427.83	427781.16	396103.06	396361.56	
nwh016.1	msa.1	mean	1914251.35	1746145.13	     0.00	1654364.03	1952858.67	1962607.35	1793618.06	804941.24	972406.48	
nwh016.1	msa.1	max	5084112.05	5084112.05	     0.00	3422320.38	3422320.38	5084112.05	2985084.93	2608450.80	5084112.05	
nwh016.1	msa.1	min	320737.37	320737.37	     0.00	187224.56	533015.78	526809.19	320737.37	  5436.01	  5436.01	
nwh016.1	msa.1	stddev	700401.41	682360.50	     0.00	571481.63	559103.24	812228.57	562970.80	514252.96	675511.75	
nwh018.1	msa.1	mean	1662176.73	1619413.42	     0.00	1292103.24	1439116.16	1659036.09	1968067.20	698670.72	908103.19	
nwh018.1	msa.1	max	4701395.42	4439481.86	     0.00	3240098.31	4701395.42	4427121.72	3625803.85	3016372.48	4701395.42	
nwh018.1	msa.1	min	 47381.49	413817.52	     0.00	 47381.49	 51306.36	 47381.49	308327.84	  1249.94	  1249.94	
nwh018.1	msa.1	stddev	902410.81	983629.61	     0.00	612284.72	888433.34	875433.12	895647.43	434715.48	694865.52	
nwh019.1	msa.1	mean	1457070.18	1457314.40	     0.00	1129384.33	1413033.80	1507514.69	1414105.28	468319.15	695161.58	
nwh019.1	msa.1	max	2885749.26	2818582.59	     0.00	2445992.91	2734461.43	2885749.26	2556166.50	2183199.90	2885749.26	
nwh019.1	msa.1	min	 21652.43	 21787.61	     0.00	 44428.23	186325.55	 21652.43	 31951.63	  1656.68	  1656.68	
nwh019.1	msa.1	stddev	713595.98	754444.07	     0.00	432283.94	589107.01	792983.82	696537.38	276306.00	590330.07	
uic002.1	msa.1	mean	1121872.53	792048.04	     0.00	1674892.17	855967.60	999643.57	1692155.47	841240.46	858232.60	
uic002.1	msa.1	max	4502016.99	2307099.14	     0.00	4502016.99	1347019.63	3280742.23	4502016.99	3361653.60	4502016.99	
uic002.1	msa.1	min	 34592.10	 39331.39	     0.00	240180.69	137583.28	 34592.10	 39331.39	  4803.74	  4803.74	
uic002.1	msa.1	stddev	729362.69	413035.00	     0.00	1033414.19	225544.43	577530.44	1037795.41	455252.18	482060.11	
uic002.2	msa.1	mean	1642862.18	1753156.98	     0.00	2306743.91	1545483.32	1724677.30	1548632.56	823998.17	835567.60	
uic002.2	msa.1	max	2530075.88	2429600.74	     0.00	2530075.88	2002560.31	2530075.88	2492337.79	3231244.48	3231244.48	
uic002.2	msa.1	min	238013.15	769250.60	     0.00	1980856.26	1040518.48	429603.24	238013.15	  1871.02	  1871.02	
uic002.2	msa.1	stddev	496847.51	331601.99	     0.00	144217.81	187347.22	473797.14	675936.99	458907.31	469171.73	
uic005.1	msa.1	mean	987920.78	     0.00	     0.00	     0.00	839257.71	1086602.20	990507.22	592176.46	651886.02	
uic005.1	msa.1	max	1807417.56	     0.00	     0.00	     0.00	1590400.95	1807417.56	1771419.09	1609447.57	1807417.56	
uic005.1	msa.1	min	  2903.13	     0.00	     0.00	     0.00	 55925.42	  2903.13	 66265.47	 40397.41	  2903.13	
uic005.1	msa.1	stddev	486224.39	     0.00	     0.00	     0.00	410235.06	527449.61	425604.52	321204.80	378603.22	
uic007.2	msa.1	mean	1776866.36	1814992.42	     0.00	     0.00	1827809.77	1555683.54	2272714.17	945117.79	1095799.10	
uic007.2	msa.1	max	5201369.95	3582579.99	     0.00	     0.00	3939547.47	3586146.52	5201369.95	4839467.70	5201369.95	
uic007.2	msa.1	min	 82866.38	119821.10	     0.00	     0.00	106871.26	 82866.38	 87077.32	 19613.87	 19613.87	
uic007.2	msa.1	stddev	967511.80	824159.79	     0.00	     0.00	891364.16	790715.71	1274070.68	494852.41	687548.02	
uic009.3	msa.1	mean	1856869.98	1993810.18	     0.00	2081163.18	1923647.02	1849147.10	1795898.52	566685.52	830591.06	
uic009.3	msa.1	max	3832417.27	2734857.67	     0.00	3832417.27	3367846.40	3429771.78	3832417.27	2531317.05	3832417.27	
uic009.3	msa.1	min	  9019.64	1557954.65	     0.00	  9019.64	549143.90	  9019.64	 28157.18	  3327.12	  3327.12	
uic009.3	msa.1	stddev	794187.64	338408.43	     0.00	920267.22	550125.68	831712.04	936220.14	331694.91	698121.23	
uic010.1	msa.1	mean	1482488.41	1244453.19	     0.00	1263046.63	1207577.25	1439495.03	1880532.71	736928.01	826580.93	
uic010.1	msa.1	max	3758289.45	2663051.57	     0.00	2143365.74	2143365.74	3082397.74	3758289.45	3110462.83	3758289.45	
uic010.1	msa.1	min	 54188.60	 97783.64	     0.00	 54188.60	 97783.64	 54188.60	325341.81	  3999.47	  3999.47	
uic010.1	msa.1	stddev	707105.10	645813.51	     0.00	466054.71	456998.85	690991.52	791426.29	447901.76	543525.85	
uic011.1	msa.1	mean	1728392.61	1936495.25	     0.00	     0.00	1374724.44	1649910.97	2321843.03	1033962.40	1137103.53	
uic011.1	msa.1	max	4251732.73	2336562.96	     0.00	     0.00	2336562.96	3152058.22	4251732.73	3829363.27	4251732.73	
uic011.1	msa.1	min	 17273.90	876859.08	     0.00	     0.00	 17273.90	 38819.70	940201.21	  5658.34	  5658.34	
uic011.1	msa.1	stddev	726388.14	409396.74	     0.00	     0.00	615120.65	581028.72	784730.90	566595.56	642420.15	
uic015	msa.1	mean	1835875.84	1284135.08	     0.00	2055057.74	1391962.71	1943315.53	2380793.16	872823.47	1078100.66	
uic015	msa.1	max	6381642.09	2976960.85	     0.00	3769833.40	3820888.09	4098607.74	6381642.09	5770681.51	6381642.09	
uic015	msa.1	min	 22194.89	125116.44	     0.00	 56168.85	 50966.28	 22194.89	261092.15	  5305.65	  5305.65	
uic015	msa.1	stddev	1027502.50	593003.17	     0.00	1239208.83	827391.96	1033152.78	1009216.30	570554.61	813616.32	
uic019.1	msa.1	mean	1936665.61	2140408.44	     0.00	2393483.26	1281554.11	2090299.90	2259107.76	755448.58	1008776.53	
uic019.1	msa.1	max	6956828.67	6006196.71	     0.00	6956828.67	3192541.22	6956828.67	5002158.50	3343233.12	6956828.67	
uic019.1	msa.1	min	 10622.04	 31925.32	     0.00	1065574.32	 22428.95	 10622.04	311823.28	  8440.98	  8440.98	
uic019.1	msa.1	stddev	988446.79	1410550.62	     0.00	912406.48	571827.88	1097683.54	790240.33	542710.58	822170.72	
uic020.1	msa.1	mean	2759059.97	     0.00	     0.00	2818070.46	2005422.76	2880997.48	3423945.68	778965.69	1488708.24	
uic020.1	msa.1	max	7806509.01	     0.00	     0.00	7806509.01	5096301.76	7806509.01	6640954.35	5773653.55	7806509.01	
uic020.1	msa.1	min	  8049.94	     0.00	     0.00	  9935.30	  8049.94	  9935.30	189793.01	  2978.31	  2978.31	
uic020.1	msa.1	stddev	1424658.10	     0.00	     0.00	1402025.46	1180434.09	1402673.23	1338680.07	537756.58	1347091.76	
uic021.1	msa.1	mean	2251345.25	1479271.84	     0.00	1927026.98	2064279.12	2388404.20	2215283.82	707411.96	1094251.71	
uic021.1	msa.1	max	6382346.52	4692810.76	     0.00	6382346.52	6382346.52	6296115.55	4518582.03	4033142.53	6382346.52	
uic021.1	msa.1	min	  3681.12	  3681.12	     0.00	178082.23	 57405.25	  3681.12	 25898.58	  1586.25	  1586.25	
uic021.1	msa.1	stddev	1241368.07	1016926.45	     0.00	1109923.13	1190113.24	1311257.99	1111737.60	482770.71	1004183.57	
uic023.1	msa.1	mean	2230269.52	1717946.98	     0.00	1996021.12	1882773.05	2086668.46	2952591.90	874197.12	1237479.47	
uic023.1	msa.1	max	7487658.95	4546208.69	     0.00	4882324.22	4763588.73	5609886.63	7487658.95	9197183.55	9197183.55	
uic023.1	msa.1	min	 23044.53	108584.26	     0.00	 23044.53	 23044.53	 32976.20	493677.14	  9896.22	  9896.22	
uic023.1	msa.1	stddev	1254972.77	1143428.50	     0.00	1172524.86	1111057.81	1188784.93	1270064.52	729599.75	1082725.79	
uic024.1	msa.1	mean	1460871.70	1617013.45	     0.00	     0.00	1084217.77	1473909.51	1864328.21	735024.83	886361.34	
uic024.1	msa.1	max	5451623.01	3794983.84	     0.00	     0.00	1746446.99	2779514.55	5451623.01	5471185.02	5471185.02	
uic024.1	msa.1	min	 14860.87	791942.87	     0.00	     0.00	 14860.87	364606.74	242028.00	  4939.79	  4939.79	
uic024.1	msa.1	stddev	586327.40	552545.45	     0.00	     0.00	309801.13	404716.05	799427.40	439314.64	559286.02	
uic025.1	msa.1	mean	2179955.13	1885312.76	     0.00	1712361.20	1814009.74	2264336.95	2421841.60	429662.03	1409337.61	
uic025.1	msa.1	max	5738144.37	2741223.18	     0.00	5155398.73	3372310.87	5646349.32	5738144.37	4987929.18	5738144.37	
uic025.1	msa.1	min	  3554.00	887805.37	     0.00	147140.48	 18053.11	  3554.00	 19826.83	   710.80	   710.80	
uic025.1	msa.1	stddev	1156262.60	357426.21	     0.00	813258.37	664497.79	1194029.26	1401732.57	411669.21	1256138.91	
uic027.1	msa.1	mean	1353422.12	1340657.21	     0.00	1269440.61	887117.38	1578200.76	1478144.15	617058.44	699090.13	
uic027.1	msa.1	max	2695955.02	2002800.40	     0.00	2695955.02	1973818.41	2695955.02	2613425.43	2279176.27	2695955.02	
uic027.1	msa.1	min	  2699.41	977482.23	     0.00	  2699.41	  2699.41	322778.20	659307.81	 11756.73	  2699.41	
uic027.1	msa.1	stddev	565310.82	224004.27	     0.00	599139.34	500831.53	492282.80	422005.44	374294.18	462348.76	
uic029.1	msa.1	mean	2001190.97	1117085.91	     0.00	     0.00	2015064.78	2094123.00	1821160.17	613070.33	803987.63	
uic029.1	msa.1	max	4022951.83	2349504.07	     0.00	     0.00	3207827.15	4022951.83	3461150.59	3222806.47	4022951.83	
uic029.1	msa.1	min	150083.69	150083.69	     0.00	     0.00	325491.92	150083.69	265775.23	  1305.53	  1305.53	
uic029.1	msa.1	stddev	693807.25	524099.63	     0.00	     0.00	481949.05	754623.52	736596.88	422986.29	670136.04	
uic032.1	msa.1	mean	977482.09	933876.46	     0.00	     0.00	821231.56	1040845.13	1024028.05	530515.57	546470.98	
uic032.1	msa.1	max	1700895.75	1682994.70	     0.00	     0.00	1672721.61	1682994.70	1700895.75	1802047.36	1802047.36	
uic032.1	msa.1	min	 77191.06	 77191.06	     0.00	     0.00	185556.97	 77191.06	158503.14	 10324.64	 10324.64	
uic032.1	msa.1	stddev	405449.56	402731.53	     0.00	     0.00	349463.43	425986.88	378317.25	308386.29	323190.99	
uic034.1	msa.1	mean	2636488.01	2077319.73	     0.00	     0.00	2066358.05	2816379.04	3150701.25	728725.64	1410315.82	
uic034.1	msa.1	max	11217756.26	9204893.74	     0.00	     0.00	6626453.42	11217756.26	5995350.09	5234296.07	11217756.26	
uic034.1	msa.1	min	 20568.38	 99672.63	     0.00	     0.00	 33090.56	330250.48	 20568.38	  6599.35	  6599.35	
uic034.1	msa.1	stddev	1309159.32	1113140.67	     0.00	     0.00	1166019.87	1130997.40	1578825.19	540615.52	1279031.58	
uic035.1	msa.1	mean	1317638.06	1948950.29	     0.00	1047798.93	1252617.57	1411153.34	1214303.26	345941.66	836117.15	
uic035.1	msa.1	max	4395672.15	3021694.07	     0.00	2280348.57	2719221.75	4395672.15	3616053.14	1663049.35	4395672.15	
uic035.1	msa.1	min	  6836.18	589719.56	     0.00	 35888.52	 17644.08	  6836.18	 37679.72	  5537.12	  5537.12	
uic035.1	msa.1	stddev	664897.22	419073.50	     0.00	466251.64	434472.13	795705.94	611675.91	257950.06	701438.15	
uic036.1	msa.1	mean	1626028.97	1208699.82	     0.00	1599596.51	1081239.52	1670021.73	2034563.36	726608.78	885491.31	
uic036.1	msa.1	max	5598306.43	4064789.90	     0.00	4136222.62	4083076.77	4173142.54	5598306.43	5856938.33	5856938.33	
uic036.1	msa.1	min	 10958.90	 10958.90	     0.00	 24955.72	 10958.90	 24955.72	 59484.59	  2247.90	  2247.90	
uic036.1	msa.1	stddev	931124.03	727352.60	     0.00	816073.52	583257.44	949585.71	914065.24	460312.56	667285.76	
uic037.1	msa.1	mean	2241109.04	1968651.43	     0.00	1931891.98	2322767.22	1871954.05	3002758.11	886547.91	1294279.35	
uic037.1	msa.1	max	7069506.78	4962122.31	     0.00	6327327.14	3371534.87	5427959.51	7069506.78	7111493.18	7111493.18	
uic037.1	msa.1	min	 45158.47	 45158.47	     0.00	 93249.47	371307.80	 45158.47	102142.83	  8694.15	  8694.15	
uic037.1	msa.1	stddev	1065519.06	830754.27	     0.00	969168.38	535477.08	918210.19	1428812.22	584092.03	982987.86	
uic038.1	msa.1	mean	2338730.27	1472342.70	     0.00	2298186.62	1820019.31	2377132.22	2943666.54	792256.92	1240182.04	
uic038.1	msa.1	max	5619575.35	2778289.74	     0.00	5018385.08	3621088.15	4492836.95	5619575.35	5373966.87	5619575.35	
uic038.1	msa.1	min	  4777.85	483395.85	     0.00	459173.10	 42774.18	  4777.85	105679.23	  8757.78	  4777.85	
uic038.1	msa.1	stddev	1168429.56	582113.78	     0.00	1185677.51	863214.71	1107509.18	1346505.45	549245.02	1049661.57	
uic039.1	msa.1	mean	2010667.35	1312600.33	     0.00	2198368.51	1296630.33	2079375.40	2627180.17	737922.78	958746.74	
uic039.1	msa.1	max	4663665.89	3550918.44	     0.00	4663665.89	3288969.36	4409237.49	4663665.89	3778262.36	4663665.89	
uic039.1	msa.1	min	 13068.97	 13068.97	     0.00	 41631.14	 41631.14	 13068.97	 45031.10	  3265.60	  3265.60	
uic039.1	msa.1	stddev	1178155.24	882641.45	     0.00	1130963.39	738791.69	1140051.97	1234363.32	525698.39	837573.20	
uic041.1	msa.1	mean	909960.90	852155.77	     0.00	     0.00	903991.40	914010.28	908391.01	496409.52	508205.17	
uic041.1	msa.1	max	1436820.45	1178086.14	     0.00	     0.00	1137099.84	1389952.81	1436820.45	1385133.96	1436820.45	
uic041.1	msa.1	min	135505.13	510910.51	     0.00	     0.00	390643.50	135505.13	158344.74	  9158.82	  9158.82	
uic041.1	msa.1	stddev	259665.06	167340.84	     0.00	     0.00	132549.20	279126.94	295724.46	261627.87	270479.07	
uic042.1	msa.1	mean	714244.67	     0.00	     0.00	648347.06	596170.12	750880.51	742713.14	299456.56	325205.21	
uic042.1	msa.1	max	1353016.45	     0.00	     0.00	1353016.45	1082382.91	1351858.26	1353016.45	1169141.41	1353016.45	
uic042.1	msa.1	min	 12951.41	     0.00	     0.00	 12951.41	187801.10	 12951.41	 21500.08	  1663.62	  1663.62	
uic042.1	msa.1	stddev	330557.57	     0.00	     0.00	317544.34	231699.54	349685.52	340708.62	182290.79	219014.56	
uic042.2	msa.1	mean	1071764.96	1123839.89	     0.00	     0.00	784162.52	1095155.21	1303924.24	477967.61	541652.83	
uic042.2	msa.1	max	2867098.83	2423953.76	     0.00	     0.00	1658300.05	2288567.17	2867098.83	2582920.39	2867098.83	
uic042.2	msa.1	min	 73296.40	 73296.40	     0.00	     0.00	105099.26	 73296.40	111056.47	  2229.17	  2229.17	
uic042.2	msa.1	stddev	642846.61	619253.96	     0.00	     0.00	325234.49	620297.69	794003.22	325360.63	415436.99	
uic043.1	msa.1	mean	644788.67	673276.07	     0.00	     0.00	433945.15	708757.87	748471.87	978381.42	970329.12	
uic043.1	msa.1	max	1648222.03	1871989.42	     0.00	     0.00	997660.34	1151299.55	1648222.03	2448104.72	2448104.72	
uic043.1	msa.1	min	 14322.45	 14322.45	     0.00	     0.00	 14322.45	151459.67	218927.07	 10279.78	 10279.78	
uic043.1	msa.1	stddev	299816.57	321090.52	     0.00	     0.00	271783.19	244571.90	306150.17	518234.32	516599.69	
uic043.2	msa.1	mean	1200086.75	723260.12	     0.00	     0.00	822774.18	1288470.87	1484543.44	939585.26	962964.52	
uic043.2	msa.1	max	3767590.82	1569802.19	     0.00	     0.00	1841256.89	3206946.26	3767590.82	2709962.99	3767590.82	
uic043.2	msa.1	min	  8462.49	227852.82	     0.00	     0.00	  8462.49	178890.27	293374.17	  9466.28	  8462.49	
uic043.2	msa.1	stddev	628282.48	287159.15	     0.00	     0.00	397979.26	573348.43	740161.61	534624.85	548764.34	
uic044.1	msa.1	mean	1127115.55	1003306.38	     0.00	     0.00	974028.63	1105666.20	1342912.90	655661.22	679108.07	
uic044.1	msa.1	max	2460743.93	2101693.10	     0.00	     0.00	1438678.70	2132331.33	2460743.93	2271679.23	2460743.93	
uic044.1	msa.1	min	 36440.70	 57456.07	     0.00	     0.00	449939.69	 57456.07	 36440.70	  6847.43	  6847.43	
uic044.1	msa.1	stddev	521841.83	526219.60	     0.00	     0.00	198801.72	530230.19	669570.79	384637.38	405753.27	
uic045.1	msa.1	mean	1355893.52	1242716.87	     0.00	1005515.74	960802.35	1400359.59	1645205.81	645217.69	786743.32	
uic045.1	msa.1	max	4465357.29	4037497.25	     0.00	2771402.84	2438281.27	3296613.90	4465357.29	4343640.11	4465357.29	
uic045.1	msa.1	min	 10377.61	 35502.07	     0.00	 10377.61	 10377.61	 35502.07	 91471.87	  5915.52	  5915.52	
uic045.1	msa.1	stddev	728898.46	625604.27	     0.00	518343.94	450495.92	662611.04	911864.48	381945.73	550620.93	
uic045.2	msa.1	mean	1351498.32	1154134.25	     0.00	     0.00	989588.43	1356239.74	1726463.25	630807.34	706703.94	
uic045.2	msa.1	max	3290462.03	3139904.53	     0.00	     0.00	3114947.86	3139904.53	3290462.03	3172918.98	3290462.03	
uic045.2	msa.1	min	 30248.13	 30248.13	     0.00	     0.00	 30248.13	117388.10	356518.50	   504.51	   504.51	
uic045.2	msa.1	stddev	673365.57	711767.12	     0.00	     0.00	631726.95	572363.66	692003.98	391992.21	483904.88	
uic047.1	msa.1	mean	1848009.00	1255544.87	     0.00	1726972.47	2212220.42	1466503.01	2309141.65	729072.17	946802.58	
uic047.1	msa.1	max	7915791.18	3490478.07	     0.00	2909194.66	3983313.59	3806601.12	7915791.18	7736996.64	7915791.18	
uic047.1	msa.1	min	  7832.27	 71362.64	     0.00	1142084.38	130449.44	  7832.27	103879.68	  4883.28	  4883.28	
uic047.1	msa.1	stddev	1028290.43	653282.50	     0.00	431918.62	994487.42	669299.30	1355204.18	457519.38	755357.42	
uic048.1	msa.1	mean	775139.69	791083.15	     0.00	     0.00	516309.66	853558.70	905151.70	781762.91	781456.17	
uic048.1	msa.1	max	1676976.37	1676976.37	     0.00	     0.00	1117900.33	1554363.09	1676976.37	1857973.30	1857973.30	
uic048.1	msa.1	min	  5702.42	  5702.42	     0.00	     0.00	  5702.42	175505.42	 19216.59	  8454.18	  5702.42	
uic048.1	msa.1	stddev	357966.98	349431.12	     0.00	     0.00	274304.13	292125.33	408453.08	471543.98	466896.52	
uic050.1	msa.1	mean	1379236.29	763958.69	     0.00	     0.00	1041177.00	1491579.42	1605907.08	401251.83	782518.70	
uic050.1	msa.1	max	6172184.26	3782769.56	     0.00	     0.00	6140275.66	5673298.99	6172184.26	5061304.89	6172184.26	
uic050.1	msa.1	min	 12029.89	 25282.86	     0.00	     0.00	 12029.89	 21637.22	 36569.82	   229.30	   229.30	
uic050.1	msa.1	stddev	1067382.22	475411.06	     0.00	     0.00	695678.16	1169845.06	1135667.57	312356.45	855100.26	
uic051.1	msa.1	mean	981580.13	835488.25	     0.00	     0.00	1017083.39	985654.84	948128.91	517326.70	547176.77	
uic051.1	msa.1	max	1884581.95	1460227.26	     0.00	     0.00	1269115.57	1717540.58	1884581.95	1887972.59	1887972.59	
uic051.1	msa.1	min	 92276.62	202754.12	     0.00	     0.00	763114.57	211862.27	 92276.62	  3023.02	  3023.02	
uic051.1	msa.1	stddev	359042.65	273623.53	     0.00	     0.00	126191.25	309795.75	514906.26	304094.24	328303.43	
uic052.1	msa.1	mean	1361574.00	1167606.33	     0.00	     0.00	1000042.89	1344770.54	1742617.45	1049900.24	1078985.92	
uic052.1	msa.1	max	3665181.94	2389470.02	     0.00	     0.00	1581662.47	3171157.73	3665181.94	3190756.39	3665181.94	
uic052.1	msa.1	min	 22998.35	123639.86	     0.00	     0.00	 43511.91	 22998.35	 58152.66	 59433.15	 22998.35	
uic052.1	msa.1	stddev	719063.55	465133.73	     0.00	     0.00	340499.13	624059.41	923750.77	390478.46	441265.83	
uic052.2	msa.1	mean	848954.21	     0.00	     0.00	806122.95	643501.27	869213.98	985679.13	616656.02	624644.39	
uic052.2	msa.1	max	1660247.02	     0.00	     0.00	1660247.02	1225419.80	1660247.02	1656268.19	2290369.36	2290369.36	
uic052.2	msa.1	min	 27242.23	     0.00	     0.00	 27242.23	 42113.81	 27242.23	115114.15	  1428.75	  1428.75	
uic052.2	msa.1	stddev	370256.77	     0.00	     0.00	353768.96	263745.33	374613.24	365258.81	412380.62	413177.85	
uic054.1	msa.1	mean	1091727.58	484208.25	     0.00	     0.00	1032359.39	995443.89	1398728.33	671254.95	713180.58	
uic054.1	msa.1	max	2156800.29	734126.05	     0.00	     0.00	1609718.55	1791523.16	2156800.29	2283412.60	2283412.60	
uic054.1	msa.1	min	 39529.09	100535.55	     0.00	     0.00	 49915.21	 39529.09	256925.60	  2740.29	  2740.29	
uic054.1	msa.1	stddev	442779.76	140912.94	     0.00	     0.00	429990.39	345850.10	520020.40	389684.99	414888.40	
uic055.1	msa.1	mean	1704136.58	1479401.16	     0.00	     0.00	1390084.49	1747705.90	2280029.60	585879.81	966776.57	
uic055.1	msa.1	max	5605075.71	5290414.92	     0.00	     0.00	3797307.57	5605075.71	5349874.17	3220889.65	5605075.71	
uic055.1	msa.1	min	  3293.16	 14559.60	     0.00	     0.00	  3293.16	 60594.14	 14559.60	 12944.91	  3293.16	
uic055.1	msa.1	stddev	869723.20	803631.91	     0.00	     0.00	703757.22	842547.62	982934.48	352376.38	787643.15	
uic056.1	msa.1	mean	3128110.18	2802722.75	     0.00	2012124.84	2218074.39	3299213.44	4428690.27	959689.98	1736321.66	
uic056.1	msa.1	max	11229202.97	10434199.11	     0.00	7405960.26	6189248.45	10434199.11	11229202.97	8379588.31	11229202.97	
uic056.1	msa.1	min	  9879.47	  9879.47	     0.00	105721.37	105721.37	  9879.47	293990.31	  6765.57	  6765.57	
uic056.1	msa.1	stddev	1988079.79	2456924.96	     0.00	1166296.77	1215253.60	2009841.91	2251803.21	700511.33	1676742.77	
uic057.1	msa.1	mean	1096540.44	1088479.94	     0.00	791051.46	880889.25	1094639.27	1345221.80	651969.11	682678.81	
uic057.1	msa.1	max	2604223.19	2510503.36	     0.00	2196699.64	1382923.77	2129098.86	2604223.19	2663406.50	2663406.50	
uic057.1	msa.1	min	 23887.30	 23887.30	     0.00	 58701.00	 23887.30	 41078.21	131893.92	  2835.24	  2835.24	
uic057.1	msa.1	stddev	447788.36	439772.42	     0.00	449907.50	319764.52	396346.85	542328.62	361956.48	385386.88	
uic058.1	msa.1	mean	1654788.30	1582244.59	     0.00	1034475.92	1449714.52	1785867.04	1655108.76	556307.34	791844.52	
uic058.1	msa.1	max	3313493.45	2898325.00	     0.00	3115896.74	2797553.36	3289585.55	3313493.45	2921911.66	3313493.45	
uic058.1	msa.1	min	  3317.43	 93904.22	     0.00	  8545.09	 93904.22	  3317.43	 61286.81	  7230.47	  3317.43	
uic058.1	msa.1	stddev	835043.38	594708.79	     0.00	759592.11	583992.43	926244.08	868108.72	287716.76	646375.60	
uic061.1	msa.1	mean	4901655.69	5992894.80	     0.00	     0.00	4652149.67	4677331.57	5915539.62	1054048.56	3465032.07	
uic061.1	msa.1	max	10691477.87	9444487.58	     0.00	     0.00	8297010.89	9444487.58	10691477.87	8717007.66	10691477.87	
uic061.1	msa.1	min	  8330.31	2050150.28	     0.00	     0.00	  8330.31	 15871.34	195346.39	  9326.89	  8330.31	
uic061.1	msa.1	stddev	2175235.78	1899405.45	     0.00	     0.00	1660522.64	2182732.82	2590390.54	1052860.79	2615820.45	
uic067.1	msa.1	mean	1936549.93	1980382.08	     0.00	     0.00	1818096.91	1929173.61	2077864.27	680929.75	984257.44	
uic067.1	msa.1	max	4809516.82	3552662.59	     0.00	     0.00	3764880.92	4809516.82	4639369.03	4314779.30	4809516.82	
uic067.1	msa.1	min	  9952.48	169692.52	     0.00	     0.00	169603.76	  9952.48	 40917.22	  8847.93	  8847.93	
uic067.1	msa.1	stddev	1054530.52	928700.06	     0.00	     0.00	774609.96	1141079.58	1083830.72	424213.71	833055.49	
uic067.2	msa.1	mean	1316700.29	758404.58	     0.00	1836009.26	1118779.61	1354796.19	1442540.05	536386.15	611889.93	
uic067.2	msa.1	max	2509337.76	1766403.45	     0.00	1907064.97	1674642.28	2509337.76	2365710.59	1970841.64	2509337.76	
uic067.2	msa.1	min	 46131.90	 46131.90	     0.00	1587803.39	157856.93	 46131.90	 56830.41	  4449.54	  4449.54	
uic067.2	msa.1	stddev	536884.50	392827.69	     0.00	 63901.69	268455.16	561713.24	629392.65	327846.42	422125.29	
uic069.1	msa.1	mean	1839569.63	     0.00	     0.00	     0.00	1600310.03	2022674.11	1907550.40	552387.67	895338.41	
uic069.1	msa.1	max	4580643.65	     0.00	     0.00	     0.00	3181804.90	4580643.65	3697165.52	2116240.22	4580643.65	
uic069.1	msa.1	min	 14975.41	     0.00	     0.00	     0.00	 14975.41	110194.64	361128.17	  1588.90	  1588.90	
uic069.1	msa.1	stddev	876571.72	     0.00	     0.00	     0.00	799865.54	911318.14	818324.61	306065.51	772829.42	
uic070.2	msa.1	mean	1645219.42	     0.00	     0.00	1636490.93	1160763.11	1844705.35	2141912.14	578843.12	790872.93	
uic070.2	msa.1	max	4701364.81	     0.00	     0.00	4701364.81	3632271.88	3607162.71	4701364.81	4206671.75	4701364.81	
uic070.2	msa.1	min	 20724.96	     0.00	     0.00	 20724.96	 20724.96	181752.89	238888.37	  8103.71	  8103.71	
uic070.2	msa.1	stddev	844673.38	     0.00	     0.00	844961.55	655644.42	756490.13	916063.98	360232.15	653432.16	
uic070.3	msa.1	mean	1349324.90	1306273.17	     0.00	887146.90	937353.07	1303577.75	1765822.56	616629.27	668355.01	
uic070.3	msa.1	max	4049604.35	3502424.73	     0.00	4079120.78	1658974.85	2593072.44	4049604.35	4079120.78	4079120.78	
uic070.3	msa.1	min	 15851.88	 37642.03	     0.00	 23504.68	 15851.88	 31514.99	300072.72	  1957.30	  1957.30	
uic070.3	msa.1	stddev	664458.78	620502.20	     0.00	530225.72	396204.13	538945.60	799935.44	396332.53	460849.90	
uic071.1	msa.1	mean	1469885.31	     0.00	     0.00	     0.00	1509822.58	1331899.57	1739788.36	691388.55	789289.40	
uic071.1	msa.1	max	3870907.71	     0.00	     0.00	     0.00	2293552.12	2829791.37	3870907.71	3733071.40	3870907.71	
uic071.1	msa.1	min	  6446.07	     0.00	     0.00	     0.00	627493.62	  6446.07	 41520.67	  6348.94	  6348.94	
uic071.1	msa.1	stddev	706653.42	     0.00	     0.00	     0.00	364566.43	676261.96	998540.48	374402.36	501973.53	
uic072.1	msa.1	mean	711974.56	775234.44	     0.00	632561.28	644259.23	764753.39	679189.74	429327.80	462939.85	
uic072.1	msa.1	max	1051968.54	1051968.54	     0.00	804079.38	973643.36	1051968.54	998122.93	996136.21	1051968.54	
uic072.1	msa.1	min	 54163.86	104025.36	     0.00	517373.43	 54163.86	429460.86	434049.34	 23560.02	 23560.02	
uic072.1	msa.1	stddev	182260.43	177070.14	     0.00	 67331.20	223866.09	148804.08	139658.15	239321.82	250568.91	
uic073.1	msa.1	mean	2763394.01	2280798.16	     0.00	2876502.15	2310786.03	2953934.80	3006939.44	647162.28	1638258.67	
uic073.1	msa.1	max	7427427.27	5988572.10	     0.00	5439232.36	4893312.30	7427427.27	6713812.24	5420052.62	7427427.27	
uic073.1	msa.1	min	 16461.79	 26848.76	     0.00	405005.74	 16461.79	 78519.95	 43597.05	  2823.09	  2823.09	
uic073.1	msa.1	stddev	1370989.97	1163632.00	     0.00	1093512.49	1087380.54	1296242.44	1799396.08	505290.69	1459843.65	
uic075.2	msa.1	mean	2216414.96	1771310.68	     0.00	1989506.15	1451980.46	2429916.44	2833009.05	641033.58	1482511.34	
uic075.2	msa.1	max	8903734.18	4879595.73	     0.00	5324285.73	6094258.87	8903734.18	8194977.52	4082091.72	8903734.18	
uic075.2	msa.1	min	  6751.06	 52115.48	     0.00	  8710.58	  6990.16	  8702.35	  6751.06	  4535.16	  4535.16	
uic075.2	msa.1	stddev	1347083.89	1114696.04	     0.00	984175.49	955011.86	1278962.65	1491312.03	470266.23	1299946.69	
visa26	msa.1	mean	3368934.48	3562947.24	     0.00	     0.00	2665395.36	3670665.99	3563049.73	870672.89	1787316.17	
visa26	msa.1	max	8551582.49	6651754.54	     0.00	     0.00	5560343.53	7078823.96	8551582.49	6742521.70	8551582.49	
visa26	msa.1	min	 10143.31	 10143.31	     0.00	     0.00	 10143.31	 83976.61	 18283.52	  1859.82	  1859.82	
visa26	msa.1	stddev	1687190.09	1961137.32	     0.00	     0.00	1172866.61	1691124.25	1914236.63	793446.51	1700823.78	
visa27	msa.1	mean	2841511.50	     0.00	     0.00	2816878.38	2882329.77	2928397.61	2635512.16	739243.66	1742281.15	
visa27	msa.1	max	11505650.84	     0.00	     0.00	4841984.04	11505650.84	6179970.61	6327771.40	5677811.20	11505650.84	
visa27	msa.1	min	  8842.77	     0.00	     0.00	 94358.23	 18731.11	 13822.88	  8842.77	  6349.65	  6349.65	
visa27	msa.1	stddev	1428201.99	     0.00	     0.00	1159279.12	1610477.38	1346609.00	1380301.63	622274.54	1509389.02	
visa28	msa.1	mean	2131817.17	2545623.94	     0.00	1884966.38	1736739.28	2121109.01	2655514.55	862218.41	1171446.98	
visa28	msa.1	max	5749741.19	3213494.81	     0.00	3695225.10	3439159.12	3988170.17	5749741.19	5471358.94	5749741.19	
visa28	msa.1	min	 77972.03	1921475.58	     0.00	 77972.03	 77972.03	131669.93	112750.28	  3548.60	  3548.60	
visa28	msa.1	stddev	1063864.10	250917.61	     0.00	842039.70	784948.12	973754.29	1306043.22	549519.14	895021.37	
visa31	msa.1	mean	3894210.06	1916777.47	     0.00	3854736.93	3651094.85	3851543.10	4336437.58	912363.64	2091494.10	
visa31	msa.1	max	10708997.44	4999537.25	     0.00	9462758.13	8293592.49	9946319.29	10708997.44	8315264.71	10708997.44	
visa31	msa.1	min	 10601.16	343770.05	     0.00	 16379.59	627443.70	 10601.16	 42887.49	   731.37	   731.37	
visa31	msa.1	stddev	1899578.72	1016882.52	     0.00	1976907.48	1319416.95	2092111.66	2092664.75	920108.77	2016024.11	
visa32.1	msa.1	mean	1632659.33	     0.00	     0.00	     0.00	1219331.72	1708125.39	2167294.78	1036098.62	1161129.76	
visa32.1	msa.1	max	4919310.36	     0.00	     0.00	     0.00	2564917.42	3958759.65	4919310.36	3349897.01	4919310.36	
visa32.1	msa.1	min	 11266.25	     0.00	     0.00	     0.00	 11266.25	232888.68	181494.09	  4375.80	  4375.80	
visa32.1	msa.1	stddev	889731.90	     0.00	     0.00	     0.00	653997.53	756123.11	1134559.03	481884.14	638597.72	
visa36	msa.1	mean	1837778.94	     0.00	     0.00	1827160.04	1603990.63	1808896.95	2142626.56	694123.84	842644.52	
visa36	msa.1	max	4256513.26	     0.00	     0.00	4099527.70	2347018.82	3850736.11	4256513.26	4417403.67	4417403.67	
visa36	msa.1	min	 14844.98	     0.00	     0.00	 14844.98	213430.44	 14844.98	140512.69	  1985.14	  1985.14	
visa36	msa.1	stddev	967676.16	     0.00	     0.00	940914.68	351459.76	945963.43	1316967.13	477330.47	683855.66	
Allcases	study	mean	1.96065e+06	1.50794e+06	0	1.24962e+06	1.61834e+06	2.00048e+06	2.32642e+06	709776	1.12497e+06
